53.016	344.000
54.016	354.000
55.017	341.000
56.017	374.000
57.017	384.000
58.017	394.000
59.017	404.000
60.017	414.000
61.017	424.000
62.018	434.000
63.018	444.000
64.018	454.000
65.018	464.000
66.018	475.000
67.018	485.000
68.018	494.000
69.018	504.000
70.018	513.000
71.019	523.000
72.019	533.000
73.019	543.000
74.019	552.000
75.020	561.000
76.021	570.000
77.021	579.000
78.021	588.000
79.021	598.000
80.021	610.000
81.023	619.000
82.023	629.000
83.023	638.000
84.024	648.000
85.024	658.000
86.025	667.000
87.025	677.000
88.025	685.000
89.025	695.000
90.026	704.000
91.026	713.000
92.026	723.000
93.026	732.000
94.026	741.000
95.027	750.000
96.027	759.000
97.028	768.000
98.029	777.000
99.029	786.000
100.029	794.000
101.029	803.000
102.029	811.000
103.029	819.000
104.029	828.000
105.029	836.000
106.029	845.000
107.029	853.000
108.029	862.000
109.029	870.000
110.029	878.000
111.030	886.000
112.030	894.000
113.031	901.000
114.031	909.000
115.031	917.000
116.031	926.000
117.032	933.000
118.032	941.000
119.032	949.000
120.032	956.000
121.032	964.000
122.032	971.000
123.031	979.000
124.032	987.000
125.032	995.000
126.033	1001.000
127.033	1009.000
128.033	1016.000
129.033	1023.000
130.033	1030.000
131.033	1038.000
132.033	1044.000
133.033	1051.000
134.033	1058.000
135.033	1065.000
136.033	1073.000
137.033	1079.000
138.033	1086.000
139.033	1092.000
140.033	1099.000
141.034	1105.000
142.034	1112.000
143.034	1118.000
144.034	1124.000
145.034	1130.000
146.035	1137.000
147.037	1143.000
148.037	1150.000
149.037	1156.000
150.038	1162.000
151.038	1168.000
152.039	1174.000
153.040	1180.000
154.040	1186.000
155.040	1192.000
156.040	1197.000
157.041	1204.000
158.041	1209.000
159.041	1214.000
160.042	1221.000
161.042	1227.000
162.042	1232.000
163.042	1237.000
164.042	1243.000
165.042	1248.000
166.042	1253.000
167.042	1259.000
168.043	1264.000
169.043	1270.000
170.043	1274.000
171.043	1279.000
172.043	1286.000
173.043	1291.000
174.044	1296.000
175.045	1302.000
176.045	1307.000
177.045	1311.000
178.046	1316.000
179.046	1321.000
180.046	1325.000
181.046	1331.000
182.046	1335.000
183.047	1340.000
184.047	1344.000
185.048	1349.000
186.048	1353.000
187.047	1357.000
188.048	1362.000
189.049	1367.000
190.050	1371.000
191.049	1376.000
192.050	1381.000
193.050	1385.000
194.050	1388.000
195.050	1392.000
196.050	1396.000
197.051	1400.000
198.051	1405.000
199.051	1409.000
200.051	1413.000
201.051	1416.000
202.051	1420.000
203.051	1424.000
204.051	1428.000
205.051	1432.000
206.051	1435.000
207.051	1439.000
208.051	1443.000
209.051	1448.000
210.051	1452.000
211.051	1455.000
212.051	1458.000
213.051	1462.000
214.051	1466.000
215.051	1470.000
216.051	1473.000
217.053	1476.000
218.054	1480.000
219.054	1483.000
220.055	1487.000
221.056	1490.000
222.057	1494.000
223.058	1497.000
224.058	1500.000
225.058	1503.000
226.058	1506.000
227.058	1510.000
228.058	1513.000
229.058	1516.000
230.058	1519.000
231.058	1521.000
232.059	1524.000
233.060	1528.000
234.060	1531.000
235.060	1534.000
236.060	1537.000
237.060	1540.000
238.060	1542.000
239.061	1546.000
240.060	1549.000
241.062	1553.000
242.061	1555.000
243.062	1558.000
244.062	1560.000
245.063	1563.000
246.063	1565.000
247.063	1568.000
248.064	1571.000
249.064	1574.000
250.065	1577.000
251.065	1579.000
252.065	1581.000
253.065	1584.000
254.065	1587.000
255.066	1589.000
256.067	1591.000
257.067	1594.000
258.067	1596.000
259.067	1599.000
260.068	1602.000
261.068	1604.000
262.068	1606.000
263.068	1608.000
264.068	1610.000
265.070	1613.000
266.068	1615.000
267.070	1618.000
268.071	1620.000
269.071	1623.000
270.071	1624.000
271.072	1627.000
272.072	1629.000
273.072	1631.000
274.072	1634.000
275.073	1636.000
276.073	1639.000
277.073	1640.000
278.073	1643.000
279.073	1645.000
280.073	1647.000
281.073	1648.000
282.073	1650.000
283.073	1652.000
284.073	1654.000
285.073	1656.000
286.073	1658.000
287.073	1659.000
288.073	1662.000
289.073	1664.000
290.073	1665.000
291.073	1668.000
292.073	1669.000
293.073	1671.000
294.073	1673.000
295.074	1674.000
296.074	1676.000
297.074	1678.000
298.074	1679.000
299.075	1681.000
300.075	1683.000
301.075	1684.000
302.075	1686.000
303.075	1688.000
304.075	1690.000
305.075	1691.000
306.075	1692.000
307.075	1694.000
308.076	1695.000
309.076	1697.000
310.076	1698.000
311.076	1699.000
312.077	1701.000
313.077	1703.000
314.077	1704.000
315.077	1706.000
316.077	1707.000
317.077	1709.000
318.078	1711.000
319.079	1712.000
320.079	1713.000
321.080	1714.000
322.080	1716.000
323.081	1718.000
324.081	1719.000
325.081	1721.000
326.081	1722.000
327.081	1725.000
328.081	1726.000
329.081	1726.000
330.081	1728.000
331.082	1729.000
332.082	1731.000
333.082	1732.000
334.082	1734.000
335.082	1733.000
336.082	1735.000
337.082	1736.000
338.082	1737.000
339.084	1738.000
340.084	1739.000
341.084	1740.000
342.084	1741.000
343.084	1742.000
344.084	1743.000
345.085	1745.000
346.084	1745.000
347.085	1746.000
348.085	1747.000
349.085	1748.000
350.085	1750.000
351.085	1752.000
352.085	1752.000
353.085	1753.000
354.085	1754.000
355.085	1755.000
356.086	1757.000
357.086	1758.000
358.087	1759.000
359.087	1759.000
360.087	1760.000
361.087	1761.000
362.087	1762.000
363.088	1763.000
364.088	1763.000
365.088	1765.000
366.088	1766.000
367.088	1767.000
368.088	1767.000
369.088	1768.000
370.088	1769.000
371.089	1770.000
372.089	1771.000
373.089	1771.000
374.089	1772.000
375.089	1773.000
376.089	1774.000
377.089	1775.000
378.089	1776.000
379.089	1777.000
380.089	1778.000
381.089	1779.000
382.089	1780.000
383.089	1781.000
384.089	1781.000
385.089	1782.000
386.089	1782.000
387.089	1783.000
388.090	1784.000
389.090	1785.000
390.090	1787.000
391.090	1787.000
392.090	1788.000
393.091	1789.000
394.091	1790.000
395.091	1791.000
396.091	1792.000
397.091	1792.000
398.091	1794.000
399.091	1794.000
400.091	1795.000
401.092	1796.000
402.092	1793.000
403.092	1795.000
404.092	1795.000
405.092	1796.000
406.092	1797.000
407.093	1797.000
408.093	1798.000
409.092	1799.000
410.093	1799.000
411.093	1800.000
412.093	1801.000
413.093	1802.000
414.093	1803.000
415.093	1804.000
416.094	1804.000
417.094	1805.000
418.094	1805.000
419.094	1805.000
420.095	1806.000
421.095	1807.000
422.095	1807.000
423.095	1808.000
424.096	1808.000
425.096	1809.000
426.097	1809.000
427.096	1810.000
428.097	1810.000
429.097	1811.000
430.098	1811.000
431.098	1812.000
432.098	1812.000
433.099	1812.000
434.099	1813.000
435.099	1813.000
436.100	1814.000
437.100	1814.000
438.100	1814.000
439.099	1815.000
440.100	1815.000
441.101	1816.000
442.101	1816.000
443.101	1817.000
444.101	1817.000
445.101	1818.000
446.101	1818.000
447.102	1819.000
448.103	1819.000
449.103	1820.000
450.103	1821.000
451.103	1822.000
452.105	1823.000
453.105	1824.000
454.106	1825.000
455.106	1825.000
456.106	1826.000
457.106	1827.000
458.107	1828.000
459.107	1828.000
460.107	1827.000
461.108	1825.000
462.108	1826.000
463.108	1827.000
464.108	1827.000
465.108	1827.000
466.109	1828.000
467.109	1828.000
468.109	1829.000
469.109	1829.000
470.109	1830.000
471.109	1830.000
472.108	1830.000
473.109	1830.000
474.109	1831.000
475.109	1831.000
476.109	1832.000
477.108	1832.000
478.110	1833.000
479.110	1833.000
480.110	1834.000
481.110	1834.000
482.109	1835.000
483.110	1836.000
484.111	1837.000
485.112	1837.000
486.113	1838.000
487.113	1835.000
488.113	1835.000
489.113	1836.000
490.114	1836.000
491.114	1836.000
492.114	1836.000
493.115	1837.000
494.115	1837.000
495.116	1838.000
496.117	1838.000
497.117	1839.000
498.117	1840.000
499.117	1840.000
500.117	1841.000
501.118	1841.000
502.118	1842.000
503.118	1843.000
504.119	1843.000
505.119	1844.000
506.119	1844.000
507.119	1845.000
508.119	1845.000
509.119	1845.000
510.119	1846.000
511.120	1846.000
512.119	1846.000
513.119	1847.000
514.119	1847.000
515.119	1848.000
516.119	1848.000
517.119	1848.000
518.119	1845.000
519.119	1844.000
520.119	1845.000
521.119	1845.000
522.118	1845.000
523.119	1845.000
524.119	1845.000
525.119	1846.000
526.119	1847.000
527.119	1848.000
528.119	1846.000
529.118	1847.000
530.119	1847.000
531.118	1847.000
532.119	1848.000
533.120	1847.000
534.120	1848.000
535.120	1848.000
536.120	1848.000
537.120	1848.000
538.120	1849.000
539.120	1849.000
540.121	1849.000
541.121	1850.000
542.121	1849.000
543.121	1850.000
544.121	1849.000
545.121	1850.000
546.121	1850.000
547.121	1850.000
548.121	1851.000
549.121	1851.000
550.121	1852.000
551.121	1852.000
552.121	1853.000
553.121	1854.000
554.121	1854.000
555.121	1855.000
556.121	1855.000
557.121	1855.000
558.121	1856.000
559.121	1856.000
560.123	1857.000
561.122	1857.000
562.122	1857.000
563.122	1858.000
564.123	1858.000
565.123	1858.000
566.123	1858.000
567.124	1859.000
568.124	1859.000
569.125	1859.000
570.126	1860.000
571.127	1860.000
572.126	1860.000
573.126	1860.000
574.126	1861.000
575.126	1860.000
576.126	1861.000
577.127	1861.000
578.127	1861.000
579.127	1861.000
580.128	1860.000
581.129	1857.000
582.129	1857.000
583.129	1858.000
584.129	1858.000
585.129	1859.000
586.130	1859.000
587.129	1860.000
588.129	1861.000
589.129	1861.000
590.130	1861.000
591.130	1862.000
592.131	1862.000
593.131	1862.000
594.131	1863.000
595.131	1863.000
596.131	1863.000
597.131	1863.000
598.131	1864.000
599.132	1864.000
600.132	1864.000
601.133	1865.000
602.134	1865.000
603.134	1865.000
604.134	1863.000
605.135	1862.000
606.135	1863.000
607.135	1863.000
608.135	1864.000
609.135	1864.000
610.135	1865.000
611.135	1865.000
612.135	1866.000
613.135	1866.000
614.135	1866.000
615.135	1866.000
616.135	1867.000
617.136	1867.000
618.136	1867.000
619.137	1868.000
620.136	1868.000
621.137	1868.000
622.137	1869.000
623.138	1869.000
624.138	1869.000
625.138	1869.000
626.138	1869.000
627.138	1869.000
628.139	1870.000
629.139	1870.000
630.139	1870.000
631.139	1870.000
632.139	1870.000
633.139	1871.000
634.139	1871.000
635.139	1871.000
636.139	1871.000
637.139	1871.000
638.139	1871.000
639.140	1871.000
640.140	1872.000
641.140	1872.000
642.140	1872.000
643.140	1872.000
644.140	1872.000
645.140	1865.000
646.140	1865.000
647.141	1866.000
648.141	1867.000
649.141	1868.000
650.141	1868.000
651.141	1869.000
652.141	1870.000
653.141	1870.000
654.141	1871.000
655.141	1871.000
656.141	1871.000
657.141	1871.000
658.141	1872.000
659.141	1872.000
660.141	1872.000
661.141	1873.000
662.141	1873.000
663.141	1873.000
664.141	1873.000
665.141	1874.000
666.141	1874.000
667.141	1874.000
668.142	1874.000
669.142	1875.000
670.143	1875.000
671.144	1875.000
672.144	1875.000
673.144	1875.000
674.144	1875.000
675.144	1875.000
676.144	1876.000
677.145	1876.000
678.144	1876.000
679.144	1876.000
680.144	1876.000
681.143	1876.000
682.144	1876.000
683.144	1877.000
684.144	1877.000
685.144	1877.000
686.145	1877.000
687.145	1877.000
688.145	1877.000
689.145	1877.000
690.146	1877.000
691.146	1877.000
692.146	1877.000
693.146	1878.000
694.146	1878.000
695.146	1878.000
696.146	1878.000
697.146	1878.000
698.147	1878.000
699.148	1878.000
700.149	1878.000
701.149	1878.000
702.149	1878.000
703.149	1879.000
704.149	1878.000
705.149	1879.000
706.150	1879.000
707.149	1879.000
708.149	1879.000
709.150	1879.000
710.150	1879.000
711.151	1879.000
712.151	1879.000
713.151	1872.000
714.151	1871.000
715.151	1872.000
716.151	1872.000
717.151	1873.000
718.151	1872.000
719.151	1873.000
720.151	1873.000
721.151	1874.000
722.151	1875.000
723.151	1875.000
724.151	1875.000
725.151	1875.000
726.151	1872.000
727.151	1873.000
728.151	1873.000
729.151	1874.000
