
12.472	20.000
13.472	53.000
14.472	88.000
15.471	115.000
16.472	150.000
17.471	180.000
18.472	209.000
19.472	248.000
20.472	283.000
21.472	312.000
22.472	348.000
23.472	388.000
24.472	422.000
25.472	453.000
26.472	484.000
27.471	512.000
28.472	551.000
29.472	580.000
30.472	620.000
31.473	643.000
32.472	676.000
33.473	706.000
34.473	736.000
35.474	761.000
36.475	797.000
37.475	827.000
38.475	856.000
39.475	884.000
40.475	911.000
41.476	937.000
42.476	963.000
43.475	990.000
44.475	1015.000
45.476	1040.000
46.476	1065.000
47.477	1088.000
48.477	1112.000
49.476	1134.000
50.477	1157.000
51.477	1178.000
52.476	1199.000
53.477	1222.000
54.477	1242.000
55.477	1261.000
56.476	1281.000
57.477	1302.000
58.476	1320.000
59.477	1338.000
60.478	1354.000
61.478	1372.000
62.478	1389.000
63.478	1404.000
64.478	1419.000
65.478	1434.000
66.478	1449.000
67.478	1463.000
68.478	1476.000
69.479	1489.000
70.480	1502.000
71.481	1513.000
72.481	1525.000
73.482	1536.000
74.483	1548.000
75.483	1558.000
76.484	1569.000
77.483	1579.000
78.489	1588.000
79.488	1598.000
80.489	1607.000
81.489	1617.000
82.489	1625.000
83.490	1634.000
84.489	1643.000
85.489	1650.000
86.490	1657.000
87.490	1665.000
88.490	1671.000
89.489	1676.000
90.489	1684.000
91.490	1689.000
92.490	1695.000
93.490	1701.000
94.490	1707.000
95.489	1712.000
96.491	1718.000
97.492	1726.000
98.492	1730.000
99.492	1734.000
100.492	1738.000
101.492	1742.000
102.492	1747.000
103.492	1751.000
104.492	1755.000
105.493	1760.000
106.494	1763.000
107.494	1766.000
108.495	1768.000
109.495	1772.000
110.496	1776.000
111.496	1779.000
112.496	1782.000
113.496	1785.000
114.495	1788.000
115.496	1790.000
116.496	1794.000
117.496	1797.000
118.496	1800.000
119.496	1803.000
120.496	1805.000
121.496	1808.000
122.496	1809.000
123.496	1811.000
124.496	1814.000
125.498	1816.000
126.498	1818.000
127.498	1821.000
128.497	1824.000
129.498	1826.000
130.497	1828.000
131.497	1830.000
132.498	1831.000
133.498	1833.000
134.499	1834.000
135.498	1836.000
136.500	1838.000
137.499	1840.000
138.500	1842.000
139.500	1844.000
140.500	1846.000
141.499	1847.000
142.501	1848.000
143.501	1850.000
144.502	1851.000
145.502	1852.000
146.502	1854.000
147.504	1855.000
148.504	1856.000
149.504	1857.000
150.505	1858.000
151.505	1858.000
152.504	1860.000
153.505	1861.000
154.504	1861.000
155.505	1863.000
156.505	1864.000
157.505	1865.000
158.506	1866.000
159.505	1867.000
160.506	1868.000
161.506	1870.000
162.506	1871.000
163.506	1872.000
164.505	1872.000
165.506	1873.000
166.506	1873.000
167.506	1874.000
168.507	1875.000
169.508	1876.000
170.508	1877.000
171.508	1878.000
172.508	1878.000
173.507	1879.000
174.509	1879.000
175.508	1880.000
176.508	1881.000
177.509	1881.000
178.510	1883.000
179.509	1883.000
180.509	1884.000
181.509	1884.000
182.510	1885.000
183.510	1886.000
184.510	1887.000
185.510	1887.000
186.510	1888.000
187.511	1889.000
188.511	1890.000
189.510	1891.000
190.511	1891.000
191.511	1892.000
192.511	1893.000
193.512	1893.000
194.512	1894.000
195.512	1894.000
196.513	1894.000
197.513	1894.000
198.513	1895.000
199.513	1895.000
200.513	1896.000
201.513	1897.000
202.513	1897.000
203.513	1898.000
204.514	1898.000
205.514	1898.000
206.513	1899.000
207.514	1899.000
208.514	1899.000
209.515	1899.000
210.515	1900.000
211.514	1900.000
212.514	1900.000
213.515	1900.000
214.515	1901.000
215.514	1901.000
216.514	1902.000
217.515	1902.000
218.515	1902.000
219.516	1901.000
220.516	1902.000
221.515	1902.000
222.515	1903.000
223.516	1903.000
224.516	1904.000
225.516	1904.000
226.515	1904.000
227.516	1904.000
228.516	1905.000
229.515	1905.000
230.516	1905.000
231.516	1905.000
232.515	1905.000
233.516	1905.000
234.517	1906.000
235.516	1907.000
236.517	1905.000
237.518	1906.000
238.519	1907.000
239.519	1907.000
240.519	1907.000
241.519	1907.000
242.519	1908.000
243.519	1909.000
244.519	1909.000
245.520	1910.000
246.520	1910.000
247.520	1911.000
248.520	1911.000
249.520	1912.000
250.520	1912.000
251.520	1912.000
252.520	1912.000
253.521	1913.000
254.521	1913.000
255.521	1913.000
256.520	1913.000
257.521	1913.000
258.520	1914.000
259.521	1914.000
260.521	1914.000
261.521	1914.000
262.521	1914.000
263.521	1914.000
264.520	1915.000
265.520	1915.000
266.521	1916.000
267.521	1916.000
268.521	1916.000
269.521	1916.000
270.521	1916.000
271.521	1917.000
272.520	1916.000
273.520	1917.000
274.521	1917.000
275.522	1917.000
276.522	1917.000
277.523	1917.000
278.523	1918.000
279.523	1918.000
280.524	1918.000
281.523	1919.000
282.524	1918.000
283.523	1918.000
284.524	1919.000
285.523	1919.000
286.524	1919.000
287.525	1919.000
288.525	1920.000
289.525	1920.000
290.526	1921.000
291.526	1920.000
292.526	1920.000
293.526	1920.000
294.526	1920.000
295.526	1921.000
296.526	1920.000
297.527	1920.000
298.528	1920.000
299.528	1920.000
300.530	1921.000
301.529	1921.000
302.530	1921.000
303.530	1921.000
304.530	1921.000
305.531	1922.000
306.530	1922.000
307.531	1922.000
308.530	1922.000
309.530	1922.000
310.531	1923.000
311.531	1923.000
312.530	1923.000
313.531	1923.000
314.531	1923.000
315.530	1924.000
316.530	1924.000
317.531	1924.000
318.531	1924.000
319.531	1924.000
320.531	1924.000
321.531	1924.000
322.531	1924.000
323.530	1925.000
324.530	1925.000
325.530	1925.000
326.531	1925.000
327.531	1925.000
328.530	1925.000
329.531	1925.000
330.532	1924.000
331.533	1925.000
332.532	1925.000
333.533	1925.000
334.534	1925.000
335.534	1925.000
336.534	1925.000
337.533	1926.000
338.534	1926.000
339.533	1926.000
340.534	1925.000
341.534	1926.000
342.534	1927.000
343.534	1926.000
344.534	1927.000
345.534	1927.000
346.534	1927.000
347.533	1927.000
348.534	1927.000
349.533	1927.000
350.534	1927.000
351.534	1928.000
352.533	1928.000
353.534	1928.000
354.536	1928.000
355.536	1928.000
356.536	1929.000
357.537	1929.000
358.536	1929.000
359.537	1929.000
360.537	1930.000
361.537	1930.000
362.537	1930.000
363.536	1929.000
364.537	1928.000
365.537	1930.000
366.537	1929.000
367.538	1930.000
